-1.000000000000000000e+00
1.000000000000000000e+00
3.800351599612005749e-01
-1.000000000000000000e+00
-1.000000000000000000e+00
-1.000000000000000000e+00
1.000000000000000000e+00
1.000000000000000000e+00
1.000000000000000000e+00
-2.445310612663439964e-02
1.000000000000000000e+00
-1.000000000000000000e+00
9.836222560167917628e-01
4.323635823115929977e-01
-1.000000000000000000e+00
1.000000000000000000e+00
-1.000000000000000000e+00
-8.944675308074528930e-01
-1.000000000000000000e+00
-9.976744806427003676e-01
1.000000000000000000e+00
1.000000000000000000e+00
-7.114726595210679738e-02
7.221893794167684177e-01
-1.000000000000000000e+00
1.000000000000000000e+00
1.000000000000000000e+00
5.436169797215564259e-01
-1.000000000000000000e+00
-1.000000000000000000e+00
-1.000000000000000000e+00
-1.000000000000000000e+00
-7.754838451457851667e-01
-1.000000000000000000e+00
1.442646641978974908e-01
-9.716506841505210268e-01
2.750805162397058079e-01
-1.000000000000000000e+00
-6.759723109173960687e-01
1.946319906540298905e-01
1.000000000000000000e+00
9.194500578999820206e-01
-3.762750363334488868e-01
9.924110855123031705e-01
6.669304652764636021e-01
1.000000000000000000e+00
-3.645139767246886042e-01
-9.013117541360398111e-01
-5.736937964154458225e-01
-1.000000000000000000e+00
-1.000000000000000000e+00
-1.000000000000000000e+00
5.338685283746662513e-01
-3.887710266632872780e-01
1.000000000000000000e+00
-1.000000000000000000e+00
1.000000000000000000e+00
-1.000000000000000000e+00
-1.000000000000000000e+00
-1.000000000000000000e+00
-1.351451988439800102e-03
-7.766475753998982601e-01
-1.000000000000000000e+00
-1.911832683447582948e-01
-1.000000000000000000e+00
1.000000000000000000e+00
1.000000000000000000e+00
-1.000000000000000000e+00
1.000000000000000000e+00
-1.000000000000000000e+00
2.855507719971558944e-01
9.994978876828479741e-01
-8.365340351456194146e-01
-7.211156731235053297e-01
1.000000000000000000e+00
1.000000000000000000e+00
-1.000000000000000000e+00
-5.504669232508102583e-01
-1.000000000000000000e+00
4.249872450296613979e-01
1.000000000000000000e+00
1.000000000000000000e+00
1.142075277912539960e-01
-1.000000000000000000e+00
-1.000000000000000000e+00
-9.835255182783906314e-01
-6.950673880019528905e-01
1.000000000000000000e+00
-2.538245400384597783e-01
1.000000000000000000e+00
8.887885108554481883e-01
1.000000000000000000e+00
-2.157546741044376049e-01
1.000000000000000000e+00
-5.999248173247129223e-01
-1.000000000000000000e+00
-1.000000000000000000e+00
-8.824079672243428929e-01
1.000000000000000000e+00
-2.507610756669589880e-02
-9.675377287060163978e-01
1.000000000000000000e+00
-1.000000000000000000e+00
-4.496466634395290124e-02
-1.000000000000000000e+00
-1.000000000000000000e+00
9.658862053810327586e-01
-1.000000000000000000e+00
1.000000000000000000e+00
1.000000000000000000e+00
1.000000000000000000e+00
-1.000000000000000000e+00
-9.983081984328632252e-01
1.000000000000000000e+00
-1.000000000000000000e+00
9.955634438026923494e-01
-6.342898314456989484e-01
1.000000000000000000e+00
-1.000000000000000000e+00
-1.000000000000000000e+00
4.359837630863701019e-01
8.788996401641064882e-01
-1.000000000000000000e+00
1.000000000000000000e+00
-1.000000000000000000e+00
-1.000000000000000000e+00
-1.000000000000000000e+00
1.224149436731054030e-01
-1.000000000000000000e+00
-1.000000000000000000e+00
-1.000000000000000000e+00
-7.149830574660533955e-01
-4.375472695449905136e-01
-8.114337024847180502e-02
-1.000000000000000000e+00
1.000000000000000000e+00
-6.613507291463081028e-01
-9.920626152534219866e-01
1.000000000000000000e+00
1.000000000000000000e+00
6.890212857319237827e-01
-6.005530891742629773e-01
4.728358975685498788e-01
-1.000000000000000000e+00
-2.788690968941079928e-01
1.000000000000000000e+00
1.000000000000000000e+00
-9.567077498782552425e-01
-4.942641796710969815e-02
1.000000000000000000e+00
5.853004318269869888e-01
-1.522421402645081911e-01
-1.000000000000000000e+00
1.000000000000000000e+00
1.000000000000000000e+00
-1.000000000000000000e+00
3.164293680344734128e-01
1.000000000000000000e+00
-3.165745489651867750e-01
1.000000000000000000e+00
-9.199618739668400866e-03
1.000000000000000000e+00
1.000000000000000000e+00
-1.000000000000000000e+00
-6.218745805514778180e-01
2.548976664557863758e-01
5.711577448550255731e-01
6.194253528042802381e-01
1.000000000000000000e+00
-1.000000000000000000e+00
1.000000000000000000e+00
-1.000000000000000000e+00
-1.000000000000000000e+00
-5.282070072730964405e-01
-1.000000000000000000e+00
3.461883123728402012e-01
-6.734504284252679218e-01
1.000000000000000000e+00
-5.527578706449044477e-01
1.000000000000000000e+00
-9.138216554105679790e-02
-3.059631873149077919e-01
-1.000000000000000000e+00
-2.781478302933899083e-01
-1.000000000000000000e+00
1.000000000000000000e+00
1.000000000000000000e+00
1.000000000000000000e+00
1.000000000000000000e+00
-9.496713121859547968e-01
-1.000000000000000000e+00
-1.000000000000000000e+00
-4.127670873898512949e-01
-2.292877476699106132e-01
-3.230078719496075057e-01
1.000000000000000000e+00
1.000000000000000000e+00
2.698378961713489982e-02
-8.996726759275809615e-02
1.000000000000000000e+00
-1.000000000000000000e+00
-4.245549350310933723e-01
1.000000000000000000e+00
9.940888458022824059e-01
-3.543200723867995783e-01
-1.000000000000000000e+00
-1.000000000000000000e+00
-1.000000000000000000e+00
-1.000000000000000000e+00
1.000000000000000000e+00
7.740396394646040790e-01
-8.290316656763672132e-01
1.000000000000000000e+00
7.833940888141073255e-01
1.000000000000000000e+00
-1.000000000000000000e+00
1.000000000000000000e+00
-1.000000000000000000e+00
-1.000000000000000000e+00
1.000000000000000000e+00
-2.402192097345106081e-01
-6.086854586653109855e-01
1.000000000000000000e+00
9.900645187723987606e-01
1.000000000000000000e+00
2.401322032306510076e-02
-1.000000000000000000e+00
1.000000000000000000e+00
-1.000000000000000000e+00
3.507328084725023221e-01
3.190433156562969691e-02
-1.000000000000000000e+00
5.592827152806227886e-01
1.000000000000000000e+00
-1.000000000000000000e+00
-1.000000000000000000e+00
-1.000000000000000000e+00
8.760576161361884884e-01
2.426825262335317035e-01
-7.844767106384338273e-01
-9.900494361304780222e-01
1.000000000000000000e+00
-1.000000000000000000e+00
9.378852717107327708e-01
1.000000000000000000e+00
1.000000000000000000e+00
1.000000000000000000e+00
-3.095304337984827736e-01
-1.000000000000000000e+00
1.000000000000000000e+00
-1.000000000000000000e+00
9.566811902066599815e-01
-8.863948538112427222e-01
5.095479415922787858e-01
-1.000000000000000000e+00
-1.000000000000000000e+00
-6.230718947371433059e-01
-1.244883224368251023e-01
-2.566186487173161002e-01
-1.000000000000000000e+00
-1.000000000000000000e+00
-1.000000000000000000e+00
-1.000000000000000000e+00
1.000000000000000000e+00
-6.255618095928114908e-01
